-1.644  -1.033  3.245 
-1.676  -1.033  3.188 
-1.683  -1.033  3.152 
-1.687  -1.033  3.115 
-1.687  -1.033  3.06  
-1.684  -1.033  3.005 
-1.68   -1.033  2.952 
-1.673  -1.033  2.889 
-1.666  -1.033  2.832 
-1.656  -1.033  2.764 
-1.644  -1.033  2.7   
-1.63   -1.033  2.63  
-1.618  -1.033  2.568 
-1.607  -1.033  2.511 
-1.591  -1.033  2.445 
-1.573  -1.033  2.383 
-1.553  -1.033  2.315 
-1.535  -1.033  2.253 
-1.514  -1.033  2.187 
-1.494  -1.033  2.128 
-1.469  -1.033  2.063 
-1.447  -1.033  2.004 
-1.426  -1.033  1.952 
-1.404  -1.033  1.896 
-1.384  -1.033  1.847 
-1.362  -1.033  1.796 
-1.343  -1.033  1.751 
-1.323  -1.033  1.702 
-1.304  -1.033  1.657 
-1.287  -1.033  1.616 
-1.269  -1.033  1.571 
-1.254  -1.033  1.53  
-1.239  -1.033  1.487 
-1.225  -1.033  1.447 
-1.211  -1.033  1.402 
-1.202  -1.033  1.362 
-1.194  -1.033  1.318 
-1.188  -1.033  1.279 
-1.182  -1.033  1.243 
-1.175  -1.033  1.202 
-1.17   -1.033  1.164 
-1.165  -1.033  1.124 
-1.16   -1.033  1.089 
-1.156  -1.033  1.051 
-1.151  -1.033  0.986 
-1.151  -1.033  0.953 
-1.15   -1.033  0.923 
-1.151  -1.033  0.891 
-1.152  -1.033  0.829 
-1.153  -1.033  0.8   
-1.154  -1.033  0.774 
-1.156  -1.033  0.718 
-1.157  -1.033  0.69  
-1.159  -1.033  0.635 
-1.16   -1.033  0.609 
-1.16   -1.033  0.553 
-1.159  -1.033  0.527 
-1.153  -1.033  0.471 
-1.147  -1.033  0.44  
-1.133  -1.033  0.381 
-1.126  -1.033  0.353 
-1.118  -1.033  0.327 
-1.099  -1.033  0.271 
-1.089  -1.033  0.243 
-1.07   -1.033  0.188 
-1.061  -1.033  0.163 
-1.042  -1.033  0.109 
-1.033  -1.033  0.085 
-1.015  -1.033  0.031 
-1.005  -1.033  0.001 
-0.997  -1.033  -0.026 
-0.98   -1.033  -0.086 
-0.972  -1.033  -0.112 
-0.956  -1.033  -0.169 
-0.948  -1.033  -0.201 
-0.941  -1.033  -0.23 
-0.93   -1.033  -0.297 
-0.925  -1.033  -0.332 
-0.92   -1.033  -0.364 
-0.915  -1.033  -0.392 
-0.901  -1.033  -0.448 
-0.893  -1.033  -0.475 
-0.879  -1.033  -0.524 
-0.87   -1.033  -0.566 
-0.861  -1.033  -0.603 
-0.848  -1.033  -0.643 
-0.797  -1.033  -0.697 
-0.766  -1.033  -0.7   
-0.726  -1.033  -0.706 
-0.676  -1.033  -0.716 
-0.65   -1.033  -0.722 
-0.59   -1.033  -0.734 
-0.563  -1.033  -0.739 
-0.532  -1.033  -0.742 
-0.471  -1.033  -0.746 
-0.442  -1.033  -0.747
-0.41   -1.033  -0.747
-0.356  -1.033  -0.742 
-0.328  -1.033  -0.734 
-0.277  -1.033  -0.71  
-0.229  -1.033  -0.678 
-0.189  -1.033  -0.643 
-0.156  -1.033  -0.608 
-0.118  -1.033  -0.55  
-0.108  -1.033  -0.532 
-0.082  -1.033  -0.479 
-0.071  -1.033  -0.441 
-0.064  -1.033  -0.397 
-0.063  -1.033  -0.35  
-0.063  -1.033  -0.327 
-0.063  -1.033  -0.272 
-0.056  -1.033  -0.243 
-0.03   -1.033  -0.215 
-0.006  -1.033  -0.212 
0.046   -1.033  -0.239 
0.076   -1.033  -0.29  
0.083   -1.033  -0.309 
0.093   -1.033  -0.35  
0.103   -1.033  -0.401 
0.113   -1.033  -0.44  
0.159   -1.033  -0.49  
0.197   -1.033  -0.509 
0.243   -1.033  -0.525 
0.281   -1.033  -0.533 
0.318   -1.033  -0.539 
0.36    -1.033  -0.538 
0.403   -1.033  -0.532 
0.444   -1.033  -0.525 
0.479   -1.033  -0.516 
0.523   -1.033  -0.48  
0.529   -1.033  -0.448 
0.525   -1.033  -0.406 
0.512   -1.033  -0.351 
0.505   -1.033  -0.322 
0.495   -1.033  -0.289 
0.479   -1.033  -0.235 
0.471   -1.033  -0.211 
0.461   -1.033  -0.16  
0.513   -1.033  -0.144 
0.56    -1.033  -0.153 
0.595   -1.033  -0.12  
0.607   -1.033  -0.087 
0.615   -1.033  -0.048 
0.618   -1.033  -0.002 
0.625   -1.033  0.039
0.644   -1.033  0.084
0.683   -1.033  0.107
0.719   -1.033  0.114
0.76    -1.033  0.121
0.801   -1.033  0.128
0.848   -1.033  0.134
0.876   -1.033  0.137
0.931   -1.033  0.143
0.957   -1.033  0.147
1.011   -1.033  0.154
1.037   -1.033  0.158
1.067   -1.033  0.163
1.126   -1.033  0.171
1.156   -1.033  0.174
1.189   -1.033  0.177
1.246   -1.033  0.18 
1.276   -1.033  0.179
1.33    -1.033  0.175
1.354   -1.033  0.173
1.4     -1.033  0.168
1.44    -1.033  0.166
1.476   -1.033  0.16 
1.51    -1.033  0.15 
1.563   -1.033  0.127
1.602   -1.033  0.109
1.638   -1.033  0.087
1.686   -1.033  0.043
1.723   -1.033  -0.00
1.752   -1.033  -0.05
1.785   -1.033  0    
1.788   -1.033  0.028
1.794   -1.033  0.092
1.797   -1.033  0.124
1.799   -1.033  0.161
1.8     -1.033  0.196
1.801   -1.033  0.229
1.801   -1.033  0.266
1.801   -1.033  0.339
1.801   -1.033  0.374
1.798   -1.033  0.415
1.796   -1.033  0.452
1.792   -1.033  0.488
1.788   -1.033  0.53 
1.784   -1.033  0.568
1.778   -1.033  0.611
1.773   -1.033  0.651
1.769   -1.033  0.696
1.765   -1.033  0.737
1.76    -1.033  0.784
1.755   -1.033  0.825
1.752   -1.033  0.864
1.75    -1.033  0.908
1.747   -1.033  0.948
1.744   -1.033  0.99 
1.74    -1.033  1.027
1.736   -1.033  1.068
1.728   -1.033  1.137
1.723   -1.033  1.173
1.719   -1.033  1.205
1.715   -1.033  1.241
1.711   -1.033  1.274
1.707   -1.033  1.312
1.703   -1.033  1.347
1.698   -1.033  1.389
1.693   -1.033  1.427
1.689   -1.033  1.463
1.685   -1.033  1.507
1.681   -1.033  1.548
1.676   -1.033  1.594
1.671   -1.033  1.637
1.667   -1.033  1.686
1.663   -1.033  1.732
1.659   -1.033  1.774
1.652   -1.033  1.821
1.646   -1.033  1.863
1.639   -1.033  1.912
1.633   -1.033  1.957
1.625   -1.033  2.006
1.617   -1.033  2.049
1.609   -1.033  2.098
1.602   -1.033  2.142
1.596   -1.033  2.185
1.591   -1.033  2.231
1.586   -1.033  2.273
1.58    -1.033  2.318
1.575   -1.033  2.359
1.57    -1.033  2.403
1.567   -1.033  2.442
1.563   -1.033  2.477
1.562   -1.033  2.516
1.562   -1.033  2.552
1.564   -1.033  2.59 
1.566   -1.033  2.623
1.573   -1.033  2.69 
1.577   -1.033  2.723
1.581   -1.033  2.752
1.589   -1.033  2.806
1.594   -1.033  2.831
1.602   -1.033  2.873
1.606   -1.033  2.92 
1.569   -1.033  2.972
1.514   -1.033  2.995
1.48    -1.033  3.002
1.442   -1.033  3.008
1.394   -1.033  3.012
1.364   -1.033  3.014
1.335   -1.033  3.016
1.274   -1.033  3.029
1.246   -1.033  3.037
1.214   -1.033  3.048
1.151   -1.033  3.068
1.119   -1.033  3.078
1.084   -1.033  3.088
1.053   -1.033  3.098
0.991   -1.033  3.119
0.964   -1.033  3.129
0.931   -1.033  3.134
0.862   -1.033  3.136
0.826   -1.033  3.135
0.789   -1.033  3.13 
0.755   -1.033  3.125
0.725   -1.033  3.118
0.66    -1.033  3.096
0.628   -1.033  3.08 
0.6     -1.033  3.064
0.548   -1.033  3.035
0.523   -1.033  3.019
0.479   -1.033  2.992
0.432   -1.033  2.967
0.407   -1.033  2.957
0.358   -1.033  2.942
0.315   -1.033  2.931
0.275   -1.033  2.923
0.239   -1.033  2.91 
0.194   -1.033  2.885
0.195   -1.033  2.824
0.162   -1.033  2.795
0.118   -1.033  2.853
0.071   -1.033  2.873
0.046   -1.033  2.883
-0.007  -1.033  2.897
-0.033  -1.033  2.903
-0.093  -1.033  2.918
-0.126  -1.033  2.926
-0.157  -1.033  2.934
-0.194  -1.033  2.941
-0.228  -1.033  2.946
-0.266  -1.033  2.949
-0.334  -1.033  2.948
-0.371  -1.033  2.943
-0.404  -1.033  2.937
-0.44   -1.033  2.93 
-0.471  -1.033  2.925
-0.531  -1.033  2.914
-0.556  -1.033  2.91 
-0.61   -1.033  2.909
-0.638  -1.033  2.911
-0.694  -1.033  2.918
-0.721  -1.033  2.922
-0.752  -1.033  2.928
-0.805  -1.033  2.936
-0.834  -1.033  2.94 
-0.89   -1.033  2.946
-0.916  -1.033  2.949
-0.971  -1.033  2.964
-0.995  -1.033  2.973
-1.048  -1.033  2.999
-1.078  -1.033  3.016
-1.105  -1.033  3.033
-1.164  -1.033  3.058
-1.195  -1.033  3.067
-1.251  -1.033  3.081
-1.284  -1.033  3.088
-1.314  -1.033  3.098
-1.348  -1.033  3.112
-1.409  -1.033  3.145
-1.436  -1.033  3.16 
-1.46   -1.033  3.175
-1.513  -1.033  3.211
-1.566  -1.033  3.239
-1.59   -1.033  3.248
-1.644  -1.033  3.245
-1.644  -1.033  3.245

