-1.644  2.5  3.245 
-1.676  2.5  3.188 
-1.683  2.5  3.152 
-1.687  2.5  3.115 
-1.687  2.5  3.06  
-1.684  2.5  3.005 
-1.68   2.5  2.952 
-1.673  2.5  2.889 
-1.666  2.5  2.832 
-1.656  2.5  2.764 
-1.644  2.5  2.7   
-1.63   2.5  2.63  
-1.618  2.5  2.568 
-1.607  2.5  2.511 
-1.591  2.5  2.445 
-1.573  2.5  2.383 
-1.553  2.5  2.315 
-1.535  2.5  2.253 
-1.514  2.5  2.187 
-1.494  2.5  2.128 
-1.469  2.5  2.063 
-1.447  2.5  2.004 
-1.426  2.5  1.952 
-1.404  2.5  1.896 
-1.384  2.5  1.847 
-1.362  2.5  1.796 
-1.343  2.5  1.751 
-1.323  2.5  1.702 
-1.304  2.5  1.657 
-1.287  2.5  1.616 
-1.269  2.5  1.571 
-1.254  2.5  1.53  
-1.239  2.5  1.487 
-1.225  2.5  1.447 
-1.211  2.5  1.402 
-1.202  2.5  1.362 
-1.194  2.5  1.318 
-1.188  2.5  1.279 
-1.182  2.5  1.243 
-1.175  2.5  1.202 
-1.17   2.5  1.164 
-1.165  2.5  1.124 
-1.16   2.5  1.089 
-1.156  2.5  1.051 
-1.151  2.5  0.986 
-1.151  2.5  0.953 
-1.15   2.5  0.923 
-1.151  2.5  0.891 
-1.152  2.5  0.829 
-1.153  2.5  0.8   
-1.154  2.5  0.774 
-1.156  2.5  0.718 
-1.157  2.5  0.69  
-1.159  2.5  0.635 
-1.16   2.5  0.609 
-1.16   2.5  0.553 
-1.159  2.5  0.527 
-1.153  2.5  0.471 
-1.147  2.5  0.44  
-1.133  2.5  0.381 
-1.126  2.5  0.353 
-1.118  2.5  0.327 
-1.099  2.5  0.271 
-1.089  2.5  0.243 
-1.07   2.5  0.188 
-1.061  2.5  0.163 
-1.042  2.5  0.109 
-1.033  2.5  0.085 
-1.015  2.5  0.031 
-1.005  2.5  0.001 
-0.997  2.5  -0.026 
-0.98   2.5  -0.086 
-0.972  2.5  -0.112 
-0.956  2.5  -0.169 
-0.948  2.5  -0.201 
-0.941  2.5  -0.23 
-0.93   2.5  -0.297 
-0.925  2.5  -0.332 
-0.92   2.5  -0.364 
-0.915  2.5  -0.392 
-0.901  2.5  -0.448 
-0.893  2.5  -0.475 
-0.879  2.5  -0.524 
-0.87   2.5  -0.566 
-0.861  2.5  -0.603 
-0.848  2.5  -0.643 
-0.797  2.5  -0.697 
-0.766  2.5  -0.7   
-0.726  2.5  -0.706 
-0.676  2.5  -0.716 
-0.65   2.5  -0.722 
-0.59   2.5  -0.734 
-0.563  2.5  -0.739 
-0.532  2.5  -0.742 
-0.471  2.5  -0.746 
-0.442  2.5  -0.747
-0.41   2.5  -0.747
-0.356  2.5  -0.742 
-0.328  2.5  -0.734 
-0.277  2.5  -0.71  
-0.229  2.5  -0.678 
-0.189  2.5  -0.643 
-0.156  2.5  -0.608 
-0.118  2.5  -0.55  
-0.108  2.5  -0.532 
-0.082  2.5  -0.479 
-0.071  2.5  -0.441 
-0.064  2.5  -0.397 
-0.063  2.5  -0.35  
-0.063  2.5  -0.327 
-0.063  2.5  -0.272 
-0.056  2.5  -0.243 
-0.03   2.5  -0.215 
-0.006  2.5  -0.212 
0.046   2.5  -0.239 
0.076   2.5  -0.29  
0.083   2.5  -0.309 
0.093   2.5  -0.35  
0.103   2.5  -0.401 
0.113   2.5  -0.44  
0.159   2.5  -0.49  
0.197   2.5  -0.509 
0.243   2.5  -0.525 
0.281   2.5  -0.533 
0.318   2.5  -0.539 
0.36    2.5  -0.538 
0.403   2.5  -0.532 
0.444   2.5  -0.525 
0.479   2.5  -0.516 
0.523   2.5  -0.48  
0.529   2.5  -0.448 
0.525   2.5  -0.406 
0.512   2.5  -0.351 
0.505   2.5  -0.322 
0.495   2.5  -0.289 
0.479   2.5  -0.235 
0.471   2.5  -0.211 
0.461   2.5  -0.16  
0.513   2.5  -0.144 
0.56    2.5  -0.153 
0.595   2.5  -0.12  
0.607   2.5  -0.087 
0.615   2.5  -0.048 
0.618   2.5  -0.002 
0.625   2.5  0.039
0.644   2.5  0.084
0.683   2.5  0.107
0.719   2.5  0.114
0.76    2.5  0.121
0.801   2.5  0.128
0.848   2.5  0.134
0.876   2.5  0.137
0.931   2.5  0.143
0.957   2.5  0.147
1.011   2.5  0.154
1.037   2.5  0.158
1.067   2.5  0.163
1.126   2.5  0.171
1.156   2.5  0.174
1.189   2.5  0.177
1.246   2.5  0.18 
1.276   2.5  0.179
1.33    2.5  0.175
1.354   2.5  0.173
1.4     2.5  0.168
1.44    2.5  0.166
1.476   2.5  0.16 
1.51    2.5  0.15 
1.563   2.5  0.127
1.602   2.5  0.109
1.638   2.5  0.087
1.686   2.5  0.043
1.723   2.5  -0.00
1.752   2.5  -0.05
1.785   2.5  0    
1.788   2.5  0.028
1.794   2.5  0.092
1.797   2.5  0.124
1.799   2.5  0.161
1.8     2.5  0.196
1.801   2.5  0.229
1.801   2.5  0.266
1.801   2.5  0.339
1.801   2.5  0.374
1.798   2.5  0.415
1.796   2.5  0.452
1.792   2.5  0.488
1.788   2.5  0.53 
1.784   2.5  0.568
1.778   2.5  0.611
1.773   2.5  0.651
1.769   2.5  0.696
1.765   2.5  0.737
1.76    2.5  0.784
1.755   2.5  0.825
1.752   2.5  0.864
1.75    2.5  0.908
1.747   2.5  0.948
1.744   2.5  0.99 
1.74    2.5  1.027
1.736   2.5  1.068
1.728   2.5  1.137
1.723   2.5  1.173
1.719   2.5  1.205
1.715   2.5  1.241
1.711   2.5  1.274
1.707   2.5  1.312
1.703   2.5  1.347
1.698   2.5  1.389
1.693   2.5  1.427
1.689   2.5  1.463
1.685   2.5  1.507
1.681   2.5  1.548
1.676   2.5  1.594
1.671   2.5  1.637
1.667   2.5  1.686
1.663   2.5  1.732
1.659   2.5  1.774
1.652   2.5  1.821
1.646   2.5  1.863
1.639   2.5  1.912
1.633   2.5  1.957
1.625   2.5  2.006
1.617   2.5  2.049
1.609   2.5  2.098
1.602   2.5  2.142
1.596   2.5  2.185
1.591   2.5  2.231
1.586   2.5  2.273
1.58    2.5  2.318
1.575   2.5  2.359
1.57    2.5  2.403
1.567   2.5  2.442
1.563   2.5  2.477
1.562   2.5  2.516
1.562   2.5  2.552
1.564   2.5  2.59 
1.566   2.5  2.623
1.573   2.5  2.69 
1.577   2.5  2.723
1.581   2.5  2.752
1.589   2.5  2.806
1.594   2.5  2.831
1.602   2.5  2.873
1.606   2.5  2.92 
1.569   2.5  2.972
1.514   2.5  2.995
1.48    2.5  3.002
1.442   2.5  3.008
1.394   2.5  3.012
1.364   2.5  3.014
1.335   2.5  3.016
1.274   2.5  3.029
1.246   2.5  3.037
1.214   2.5  3.048
1.151   2.5  3.068
1.119   2.5  3.078
1.084   2.5  3.088
1.053   2.5  3.098
0.991   2.5  3.119
0.964   2.5  3.129
0.931   2.5  3.134
0.862   2.5  3.136
0.826   2.5  3.135
0.789   2.5  3.13 
0.755   2.5  3.125
0.725   2.5  3.118
0.66    2.5  3.096
0.628   2.5  3.08 
0.6     2.5  3.064
0.548   2.5  3.035
0.523   2.5  3.019
0.479   2.5  2.992
0.432   2.5  2.967
0.407   2.5  2.957
0.358   2.5  2.942
0.315   2.5  2.931
0.275   2.5  2.923
0.239   2.5  2.91 
0.194   2.5  2.885
0.195   2.5  2.824
0.162   2.5  2.795
0.118   2.5  2.853
0.071   2.5  2.873
0.046   2.5  2.883
-0.007  2.5  2.897
-0.033  2.5  2.903
-0.093  2.5  2.918
-0.126  2.5  2.926
-0.157  2.5  2.934
-0.194  2.5  2.941
-0.228  2.5  2.946
-0.266  2.5  2.949
-0.334  2.5  2.948
-0.371  2.5  2.943
-0.404  2.5  2.937
-0.44   2.5  2.93 
-0.471  2.5  2.925
-0.531  2.5  2.914
-0.556  2.5  2.91 
-0.61   2.5  2.909
-0.638  2.5  2.911
-0.694  2.5  2.918
-0.721  2.5  2.922
-0.752  2.5  2.928
-0.805  2.5  2.936
-0.834  2.5  2.94 
-0.89   2.5  2.946
-0.916  2.5  2.949
-0.971  2.5  2.964
-0.995  2.5  2.973
-1.048  2.5  2.999
-1.078  2.5  3.016
-1.105  2.5  3.033
-1.164  2.5  3.058
-1.195  2.5  3.067
-1.251  2.5  3.081
-1.284  2.5  3.088
-1.314  2.5  3.098
-1.348  2.5  3.112
-1.409  2.5  3.145
-1.436  2.5  3.16 
-1.46   2.5  3.175
-1.513  2.5  3.211
-1.566  2.5  3.239
-1.59   2.5  3.248
-1.644  2.5  3.245
-1.644  2.5  3.245

